RESULTADOS: 

Year 2008:
  Total number of firms in the range of 500M to 1500M: 4105
  Concentration of firms in each bin:
    [70, 64, 92, 88, 84, 68, 65, 70, 68, 70]
    [60, 81, 63, 69, 70, 64, 48, 59, 62, 54]
    [47, 63, 58, 56, 59, 50, 56, 54, 50, 53]
    [48, 61, 45, 62, 52, 48, 38, 46, 44, 35]
    [45, 33, 44, 37, 40, 40, 32, 36, 37, 39]
    [26, 24, 35, 26, 28, 37, 37, 35, 24, 32]
    [34, 23, 37, 33, 27, 29, 26, 25, 28, 30]
    [18, 28, 30, 29, 29, 25, 21, 29, 26, 27]
    [26, 33, 27, 37, 30, 21, 25, 18, 15, 21]
    [21, 20, 24, 17, 22, 30, 25, 19, 20, 19]
  Net wealth ranges in each bin (in thousands of pesos):
    [500000, 510000, 520000, 530000, 540000, 550000, 560000, 570000, 580000, 590000]
    [600000, 610000, 620000, 630000, 640000, 650000, 660000, 670000, 680000, 690000]
    [700000, 710000, 720000, 730000, 740000, 750000, 760000, 770000, 780000, 790000]
    [800000, 810000, 820000, 830000, 840000, 850000, 860000, 870000, 880000, 890000]
    [900000, 910000, 920000, 930000, 940000, 950000, 960000, 970000, 980000, 990000]
    [1000000, 1010000, 1020000, 1030000, 1040000, 1050000, 1060000, 1070000, 1080000, 1090000]
    [1100000, 1110000, 1120000, 1130000, 1140000, 1150000, 1160000, 1170000, 1180000, 1190000]
    [1200000, 1210000, 1220000, 1230000, 1240000, 1250000, 1260000, 1270000, 1280000, 1290000]
    [1300000, 1310000, 1320000, 1330000, 1340000, 1350000, 1360000, 1370000, 1380000, 1390000]
    [1400000, 1410000, 1420000, 1430000, 1440000, 1450000, 1460000, 1470000, 1480000, 1490000]

Year 2009:
  Total number of firms in the range of 500M to 1500M: 5706
  Concentration of firms in each bin:
    [113, 129, 93, 98, 113, 90, 113, 112, 90, 111]
    [97, 93, 97, 84, 92, 78, 91, 80, 84, 98]
    [80, 89, 99, 78, 74, 73, 73, 70, 71, 78]
    [76, 73, 75, 69, 71, 71, 56, 68, 76, 56]
    [65, 58, 67, 66, 55, 68, 72, 72, 58, 62]
    [41, 41, 40, 39, 36, 38, 31, 30, 30, 45]
    [33, 42, 46, 33, 39, 37, 31, 36, 38, 35]
    [37, 33, 30, 32, 34, 28, 40, 27, 33, 28]
    [32, 28, 35, 33, 28, 25, 42, 37, 22, 27]
    [37, 38, 23, 18, 30, 20, 29, 16, 26, 22]
  Net wealth ranges in each bin (in thousands of pesos):
    [500000, 510000, 520000, 530000, 540000, 550000, 560000, 570000, 580000, 590000]
    [600000, 610000, 620000, 630000, 640000, 650000, 660000, 670000, 680000, 690000]
    [700000, 710000, 720000, 730000, 740000, 750000, 760000, 770000, 780000, 790000]
    [800000, 810000, 820000, 830000, 840000, 850000, 860000, 870000, 880000, 890000]
    [900000, 910000, 920000, 930000, 940000, 950000, 960000, 970000, 980000, 990000]
    [1000000, 1010000, 1020000, 1030000, 1040000, 1050000, 1060000, 1070000, 1080000, 1090000]
    [1100000, 1110000, 1120000, 1130000, 1140000, 1150000, 1160000, 1170000, 1180000, 1190000]
    [1200000, 1210000, 1220000, 1230000, 1240000, 1250000, 1260000, 1270000, 1280000, 1290000]
    [1300000, 1310000, 1320000, 1330000, 1340000, 1350000, 1360000, 1370000, 1380000, 1390000]
    [1400000, 1410000, 1420000, 1430000, 1440000, 1450000, 1460000, 1470000, 1480000, 1490000]

Year 2010:
  Total number of firms in the range of 500M to 1500M: 5572
  Concentration of firms in each bin:
    [94, 94, 124, 96, 116, 82, 87, 76, 80, 70]
    [88, 82, 84, 79, 84, 76, 70, 68, 85, 92]
    [92, 86, 95, 63, 72, 75, 84, 60, 77, 69]
    [63, 74, 81, 65, 53, 78, 48, 54, 70, 71]
    [73, 72, 45, 71, 78, 72, 82, 71, 86, 91]
    [50, 43, 45, 46, 28, 41, 46, 29, 32, 44]
    [29, 35, 47, 41, 33, 44, 21, 31, 32, 24]
    [32, 27, 29, 29, 35, 35, 27, 37, 35, 31]
    [24, 25, 33, 28, 22, 31, 33, 41, 33, 34]
    [44, 26, 31, 27, 20, 29, 29, 32, 45, 29]
  Net wealth ranges in each bin (in thousands of pesos):
    [500000, 510000, 520000, 530000, 540000, 550000, 560000, 570000, 580000, 590000]
    [600000, 610000, 620000, 630000, 640000, 650000, 660000, 670000, 680000, 690000]
    [700000, 710000, 720000, 730000, 740000, 750000, 760000, 770000, 780000, 790000]
    [800000, 810000, 820000, 830000, 840000, 850000, 860000, 870000, 880000, 890000]
    [900000, 910000, 920000, 930000, 940000, 950000, 960000, 970000, 980000, 990000]
    [1000000, 1010000, 1020000, 1030000, 1040000, 1050000, 1060000, 1070000, 1080000, 1090000]
    [1100000, 1110000, 1120000, 1130000, 1140000, 1150000, 1160000, 1170000, 1180000, 1190000]
    [1200000, 1210000, 1220000, 1230000, 1240000, 1250000, 1260000, 1270000, 1280000, 1290000]
    [1300000, 1310000, 1320000, 1330000, 1340000, 1350000, 1360000, 1370000, 1380000, 1390000]
    [1400000, 1410000, 1420000, 1430000, 1440000, 1450000, 1460000, 1470000, 1480000, 1490000]

Year 2011:
  Total number of firms in the range of 500M to 1500M: 6238
  Concentration of firms in each bin:
    [129, 99, 109, 90, 127, 116, 118, 109, 98, 98]
    [88, 86, 88, 94, 103, 94, 86, 101, 85, 90]
    [95, 113, 75, 77, 89, 83, 69, 83, 89, 84]
    [75, 93, 93, 78, 67, 72, 73, 73, 88, 67]
    [58, 69, 87, 64, 82, 63, 69, 80, 83, 84]
    [57, 60, 45, 44, 45, 48, 53, 42, 44, 50]
    [40, 32, 51, 33, 39, 50, 43, 28, 36, 38]
    [31, 33, 33, 39, 35, 35, 36, 38, 35, 34]
    [34, 43, 42, 33, 36, 31, 26, 39, 23, 24]
    [26, 28, 37, 29, 36, 33, 35, 24, 29, 20]
  Net wealth ranges in each bin (in thousands of pesos):
    [500000, 510000, 520000, 530000, 540000, 550000, 560000, 570000, 580000, 590000]
    [600000, 610000, 620000, 630000, 640000, 650000, 660000, 670000, 680000, 690000]
    [700000, 710000, 720000, 730000, 740000, 750000, 760000, 770000, 780000, 790000]
    [800000, 810000, 820000, 830000, 840000, 850000, 860000, 870000, 880000, 890000]
    [900000, 910000, 920000, 930000, 940000, 950000, 960000, 970000, 980000, 990000]
    [1000000, 1010000, 1020000, 1030000, 1040000, 1050000, 1060000, 1070000, 1080000, 1090000]
    [1100000, 1110000, 1120000, 1130000, 1140000, 1150000, 1160000, 1170000, 1180000, 1190000]
    [1200000, 1210000, 1220000, 1230000, 1240000, 1250000, 1260000, 1270000, 1280000, 1290000]
    [1300000, 1310000, 1320000, 1330000, 1340000, 1350000, 1360000, 1370000, 1380000, 1390000]
    [1400000, 1410000, 1420000, 1430000, 1440000, 1450000, 1460000, 1470000, 1480000, 1490000]

Year 2012:
  Total number of firms in the range of 500M to 1500M: 6171
  Concentration of firms in each bin:
    [96, 109, 110, 110, 88, 118, 98, 106, 90, 88]
    [103, 97, 86, 86, 92, 95, 84, 93, 81, 92]
    [89, 90, 105, 76, 68, 76, 77, 75, 95, 81]
    [86, 88, 90, 68, 79, 59, 82, 78, 84, 68]
    [66, 91, 71, 64, 61, 69, 58, 67, 74, 72]
    [41, 62, 53, 51, 49, 50, 57, 30, 51, 40]
    [45, 46, 58, 55, 40, 51, 38, 32, 39, 43]
    [41, 33, 35, 36, 41, 31, 33, 32, 30, 48]
    [28, 21, 37, 34, 28, 42, 44, 27, 38, 34]
    [25, 36, 40, 26, 27, 44, 29, 35, 27, 29]
  Net wealth ranges in each bin (in thousands of pesos):
    [500000, 510000, 520000, 530000, 540000, 550000, 560000, 570000, 580000, 590000]
    [600000, 610000, 620000, 630000, 640000, 650000, 660000, 670000, 680000, 690000]
    [700000, 710000, 720000, 730000, 740000, 750000, 760000, 770000, 780000, 790000]
    [800000, 810000, 820000, 830000, 840000, 850000, 860000, 870000, 880000, 890000]
    [900000, 910000, 920000, 930000, 940000, 950000, 960000, 970000, 980000, 990000]
    [1000000, 1010000, 1020000, 1030000, 1040000, 1050000, 1060000, 1070000, 1080000, 1090000]
    [1100000, 1110000, 1120000, 1130000, 1140000, 1150000, 1160000, 1170000, 1180000, 1190000]
    [1200000, 1210000, 1220000, 1230000, 1240000, 1250000, 1260000, 1270000, 1280000, 1290000]
    [1300000, 1310000, 1320000, 1330000, 1340000, 1350000, 1360000, 1370000, 1380000, 1390000]
    [1400000, 1410000, 1420000, 1430000, 1440000, 1450000, 1460000, 1470000, 1480000, 1490000]
